00000000000000000000110000000000000
00000000000000000000110000000000000
00000001100000000000000000000000000
00000001100000000000000000000000000
00000000000000000000000000000000000
00000000000000000000000000000000000
00011000000000000000000000000000000
00011000000000000000000000000000000
00000000000000000110111000001100000
00000000000000000111000000001100000
00000000000000000000000000000000000
11000000000000011000000000000000000
11000000000000011000000000000000000
00000000000000000000000000000000000
00000000000000000000000000000000000
00000000000000000000000000000000000
00000000000000000000000000000000000
00000000000000000000000000000000000
00000000000000000000000000000000000
00000000110000000000000000000000000
00000000110000000000000000001000000
00000000000000000111000000000000000
00000000000000000101000000000011010
00000000000000000100110010000001010
00000000000000000001110010001100001
00000000000000000001110010000000010
00000000000000000000000001000000010
00000000000000000000000000000000000
00000000000000000000000000000100000